6771
0 131462
1 208118
2 2237
3 370
4 10673
5 52
6 353
7 285
8 187
9 407236
10 940
11 983201
12 2
13 9043
14 141
15 1364
16 6249
17 249072
18 4
19 2784
20 291615
21 113317
22 1141
23 282751
24 259629
25 370
26 12560
27 33
28 5416
29 714
30 515
31 20270
32 19961
33 8967
34 116428
35 107200
36 64
37 497
38 1740
39 167322
40 1874
41 659439
42 2954
43 1003
44 195698
45 183878
46 52206
47 250660
48 5354
49 914
50 42886
51 2427
52 4418
53 1213
54 1698
55 789
56 325
57 108
58 2397
59 34613
60 7218
61 13788
62 1729
63 31
64 2749
65 54553
66 8426
67 95179
68 79600
69 459
70 331601
71 393723
72 172415
73 12398
74 6065
75 37968
76 1032
77 57287
78 38739
79 119876
80 34658
81 9151
82 14914
83 286434
84 1881
85 50926
86 382531
87 20398
88 8558
89 677
90 535
91 185
92 54446
93 3928
94 44677
95 33810
96 50445
97 66
98 11028
99 2006
100 152164
101 47
102 4276
103 88
104 11703
105 64
106 995
107 15562
108 284588
109 3505
110 4
111 105
112 571
113 9677
114 5705
115 264
116 474313
117 230
118 64192
119 19521
120 192
121 11418
122 89
123 1402
124 36
125 25386
126 561
127 414
128 21657
129 6390
130 2345
131 4388
132 156843
133 5563
134 166
135 2191
136 5779
137 103
138 891
139 15732
140 437
141 360
142 26
143 22276
144 2179
145 29045
146 149
147 6457
148 16813
149 3612
150 4183
151 788
152 3318
153 483
154 3360
155 15846
156 1342
157 6616
158 60250
159 179
160 414
161 226
162 3736
163 12453
164 9334
165 225
166 1651
167 26721
168 35
169 170
170 1055
171 92
172 239
173 98140
174 7005
175 1231
176 2439
177 4346
178 5086
179 56641
180 38224
181 75278
182 844069
183 69
184 27764
185 7243
186 1
187 1107
188 160
189 610233
190 75985
191 706
192 381987
193 2
194 25861
195 478
196 17200
197 328
198 980
199 266345
200 520
201 14226
202 1879
203 1977
204 80843
205 3615
206 4753
207 7127
208 69
209 2168
210 495
211 6395
212 40115
213 30
214 21231
215 1953
216 44577
217 212
218 1911
219 276454
220 56583
221 135
222 6138
223 336133
224 132
225 69
226 453961
227 13
228 236
229 262
230 503
231 1038
232 2
233 1
234 3
235 923
236 1770
237 7
238 260
239 45
240 2379
241 227
242 4148
243 70
244 39
245 790
246 448
247 179
248 11317
249 33349
250 14112
251 849
252 23580
253 16714
254 713
255 10
256 8378
257 80
258 85
259 5834
260 200
261 369
262 256021
263 590
264 35
265 12194
266 935
267 2429
268 319
269 1046609
270 1752
271 2158
272 176
273 227
274 825
275 3980
276 952
277 5797
278 15305
279 30201
280 278
281 3337
282 210816
283 110
284 53
285 13081
286 246920
287 17578
288 25804
289 45926
290 721
291 184
292 1001
293 25647
294 24078
295 40
296 6453
297 4649
298 68629
299 99
300 2412
301 21076
302 102
303 13004
304 841804
305 10064
306 13227
307 1788
308 58
309 172
310 18335
311 558
312 3909
313 67
314 20789
315 55624
316 2226
317 495
318 1
319 1487
320 262439
321 1182
322 125
323 1226
324 291
325 18
326 18
327 68
328 445
329 161
330 2276
331 16416
332 69
333 24095
334 188
335 756
336 99
337 727
338 11
339 315
340 72
341 8
342 55
343 82383
344 154
345 2490
346 3470
347 3671
348 134
349 15
350 2908
351 30122
352 1189
353 36
354 6262
355 2
356 8
357 178357
358 12
359 34704
360 44095
361 46582
362 1627
363 20705
364 556154
365 2606
366 8654
367 96461
368 12529
369 3258
370 3436
371 5242
372 3115
373 1228
374 6590
375 21732
376 54
377 8819
378 670
379 732
380 241748
381 168840
382 36783
383 30345
384 1117
385 8959
386 3493
387 1726
388 24055
389 272715
390 117392
391 495211
392 82
393 34
394 6790
395 46345
396 862
397 1277
398 122294
399 4203
400 131
401 2389601
402 53
403 659
404 649
405 314
406 3
407 4935
408 561
409 1333
410 5
411 1950
412 6
413 20
414 1
415 6
416 560
417 4328
418 26
419 38
420 9
421 66
422 8
423 118
424 11
425 6
426 1129
427 1
428 110
429 90
430 72
431 125
432 47762
433 10159
434 5869
435 854
436 1002
437 191558
438 187760
439 63159
440 14137
441 231652
442 195900
443 383
444 34
445 8166
446 150407
447 45
448 56
449 14
450 627
451 5905
452 1170
453 83
454 2724
455 3232
456 14439
457 3956
458 10
459 8049
460 15242
461 72
462 2766
463 2429
464 2209
465 51132
466 417
467 44547
468 2140
469 165
470 711
471 56
472 361
473 15525
474 79
475 20102
476 4850
477 2470
478 131382
479 48933
480 9608
481 149043
482 282042
483 402
484 191
485 663
486 39
487 6687
488 214
489 3116
490 6350
491 232
492 12231
493 5270
494 4197
495 21417
496 593
497 9145
498 220
499 12817
500 6523
501 5626
502 19249
503 747
504 229217
505 3747
506 115
507 18086
508 926694
509 644
510 1268
511 85
512 195
513 258
514 1422
515 3488
516 406
517 16324
518 24
519 1548
520 213
521 2770
522 59774
523 1241
524 3868
525 1205
526 10829
527 1647
528 149
529 4
530 162
531 176
532 38908
533 1027
534 7671
535 742
536 909
537 368
538 107205
539 54934
540 47014
541 450
542 131
543 476391
544 49872
545 68899
546 15158
547 15003
548 1147
549 70
550 109
551 260
552 1
553 601
554 155320
555 12
556 739
557 9834
558 350280
559 5165
560 223205
561 3411
562 2988
563 317
564 663
565 4219
566 60
567 32
568 238
569 1278
570 208
571 25544
572 152
573 1027
574 1624
575 71
576 5220
577 14
578 136229
579 11260
580 3628
581 891
582 3066
583 34394
584 40158
585 31827
586 107765
587 258172
588 1019
589 219
590 990
591 1286
592 2161
593 123
594 153
595 7266
596 34
597 104
598 10
599 96
600 34696
601 472
602 3138
603 7457
604 4370
605 96530
606 54
607 54470
608 2166
609 2485
610 1002
611 147
612 1923
613 119931
614 1620
615 190
616 7
617 35811
618 7401
619 167
620 39570
621 155
622 24
623 112
624 406
625 962
626 29
627 16273
628 125
629 242841
630 562
631 139
632 1
633 142657
634 570
635 71
636 260
637 202
638 209
639 2180
640 2
641 51
642 953940
643 171
644 610
645 61499
646 291627
647 11
648 44
649 891
650 128755
651 7304
652 325
653 5760
654 186076
655 410
656 362
657 689
658 1
659 366
660 4450
661 32010
662 6166
663 136320
664 19780
665 66
666 1049
667 495
668 2076
669 164745
670 2873
671 146
672 196
673 89813
674 9
675 20
676 1448
677 140
678 1137
679 509
680 2264
681 408
682 558
683 40
684 4502
685 7
686 63763
687 27
688 553
689 40185
690 792
691 56614
692 15
693 609
694 6609
695 41166
696 421
697 38981
698 93
699 515270
700 29534
701 96731
702 54672
703 423209
704 198714
705 1478
706 798
707 24532
708 845
709 7194
710 496
711 92326
712 57036
713 3196
714 989
715 70
716 20121
717 88126
718 813841
719 8891
720 53
721 5383
722 5
723 15
724 10040
725 1041
726 40
727 95
728 183
729 132631
730 912
731 2362
732 232756
733 90750
734 3432
735 550
736 7043
737 418
738 545902
739 920
740 4166
741 11
742 37505
743 9663
744 4417
745 134316
746 7532
747 3368
748 613
749 4412
750 173517
751 3277833
752 8
753 550236
754 281826
755 17823
756 66020
757 838
758 99425
759 198816
760 10731
761 33738
762 2377
763 243
764 2119
765 49645
766 44
767 182363
768 136121
769 27584
770 7038
771 5529
772 725
773 841815
774 1876
775 4014682
776 9546
777 695
778 16
779 142
780 638
781 1725
782 638
783 481043
784 6
785 8
786 7009
787 112
788 16362
789 1594944
790 167
791 5670
792 1533
793 5265
794 1203
795 262
796 349
797 570190
798 30841
799 7785
800 4243
801 9437
802 1236
803 10956
804 14587
805 988
806 4000
807 112330
808 29575
809 80828
810 404
811 207
812 1288978
813 586822
814 538
815 30056
816 36655
817 98557
818 4003
819 4258
820 1019
821 32659
822 9926
823 42624
824 39931
825 54453
826 431
827 82923
828 3233
829 12220
830 2488
831 265
832 251
833 589
834 791
835 10630
836 113757
837 2251
838 1496
839 8
840 568
841 623343
842 83407
843 283694
844 24610
845 32678
846 226095
847 1264
848 153
849 117
850 64359
851 3362
852 356535
853 23133
854 57264
855 4269
856 65653
857 345288
858 379668
859 1296
860 19480
861 17297
862 4853
863 8
864 32
865 99
866 61772
867 67218
868 1387
869 84077
870 12778
871 276
872 10310
873 6714
874 13444
875 56264
876 1096
877 2301
878 11
879 1699
880 13
881 860
882 1724
883 44012
884 19
885 4519
886 5930
887 3
888 49
889 666
890 1475
891 81
892 19250
893 2254
894 4
895 211
896 162770
897 12072
898 6985
899 954
900 28
901 17469
902 1513
903 18356
904 1558
905 77
906 6808
907 2139
908 216098
909 405
910 21355
911 4977
912 862
913 2720
914 792
915 2184
916 1131
917 210072
918 335
919 27925
920 6759
921 76
922 25
923 6
924 37137
925 49
926 7444
927 20214
928 93
929 114
930 129
931 61
932 2
933 907
934 166455
935 74745
936 992
937 28488
938 275
939 503
940 3548
941 11446
942 4564407
943 3357
944 47
945 31
946 15373
947 185467
948 881
949 98
950 29366
951 160
952 223607
953 3852
954 3607
955 120810
956 145679
957 188
958 14477
959 737
960 1121
961 19234
962 833
963 102513
964 37533
965 71069
966 4606
967 749
968 5382
969 5943
970 305697
971 35832
972 5437
973 64542
974 16
975 82
976 143470
977 232
978 27060
979 3714
980 4867
981 1919
982 52
983 392
984 447
985 941
986 23
987 250
988 5459
989 7568
990 373476
991 3639
992 1124
993 4983
994 243705
995 7807
996 38563
997 15477
998 646144
999 52
1000 271460
1001 1627
1002 254
1003 8385
1004 6674
1005 4801
1006 5282
1007 130407
1008 720
1009 228850
1010 138565
1011 29646
1012 21815
1013 5407
1014 10
1015 57
1016 882
1017 11
1018 1178
1019 192380
1020 16
1021 18152
1022 36532
1023 113620
1024 4149
1025 37
1026 24417
1027 37
1028 107
1029 48
1030 152
1031 34412
1032 9040
1033 28508
1034 125
1035 784
1036 113
1037 23720
1038 777805
1039 11770
1040 18742
1041 46530
1042 15784
1043 2372
1044 862
1045 20992
1046 4162
1047 31
1048 41
1049 5043
1050 2927
1051 34
1052 4408
1053 219
1054 1204
1055 186
1056 1745
1057 1684
1058 3
1059 15008
1060 93
1061 512
1062 23102
1063 206
1064 625
1065 206
1066 92357
1067 1076
1068 4
1069 181
1070 11
1071 41
1072 127
1073 318
1074 467
1075 4741
1076 58083
1077 388
1078 238932
1079 2
1080 1597
1081 44
1082 322582
1083 117
1084 648
1085 445
1086 8
1087 138
1088 22
1089 1963
1090 51
1091 207
1092 17680
1093 684
1094 23
1095 204
1096 48
1097 60358
1098 857
1099 2933
1100 166
1101 49371
1102 6596
1103 5223
1104 191185
1105 236804
1106 16
1107 33
1108 26661
1109 45136
1110 23895
1111 2
1112 1334
1113 509
1114 16307
1115 266
1116 8397
1117 286
1118 7973
1119 91034
1120 10587
1121 3119
1122 72694
1123 520
1124 10503
1125 8
1126 879
1127 1767
1128 720
1129 85653
1130 2513
1131 2676
1132 66812
1133 89343
1134 1488
1135 239
1136 22
1137 20
1138 1860
1139 212106
1140 5121
1141 173
1142 714
1143 791
1144 11843
1145 1831
1146 2176
1147 37261
1148 1
1149 14043
1150 73
1151 2714
1152 580
1153 9
1154 1407
1155 613
1156 14081
1157 6603
1158 33
1159 1667
1160 11901
1161 823
1162 1610
1163 4324
1164 156
1165 1483
1166 7
1167 372
1168 777
1169 153
1170 827
1171 106402
1172 14
1173 8
1174 8550
1175 55
1176 31396
1177 309886
1178 39228
1179 18
1180 9858
1181 97
1182 27853
1183 27155
1184 80
1185 11356
1186 22
1187 64
1188 1608
1189 170
1190 11961
1191 9736
1192 1340
1193 55
1194 5703
1195 11729
1196 181
1197 127
1198 1
1199 7190
1200 1419
1201 76
1202 12598
1203 462
1204 3
1205 2089
1206 24
1207 68
1208 218
1209 77
1210 11820
1211 32
1212 11564
1213 8198
1214 60
1215 29
1216 66
1217 61947
1218 106
1219 119966
1220 330
1221 1994
1222 560080
1223 7
1224 96
1225 1393
1226 138
1227 40028
1228 36
1229 6371
1230 40031
1231 84
1232 543
1233 43091
1234 354827
1235 55521
1236 1732
1237 193906
1238 22591
1239 524491
1240 378
1241 9872
1242 25262
1243 7930
1244 2740
1245 12364
1246 3116
1247 1607
1248 1819
1249 8145
1250 5029
1251 2274
1252 8736
1253 128912
1254 458
1255 167
1256 330
1257 224
1258 19
1259 7207
1260 437
1261 13516
1262 10601
1263 5587
1264 386
1265 287
1266 240
1267 924
1268 1325
1269 185
1270 30876
1271 33
1272 650
1273 1126
1274 9
1275 2554
1276 836591
1277 76281
1278 25484
1279 348430
1280 90399
1281 995
1282 309794
1283 16
1284 969
1285 3939
1286 3306
1287 1458
1288 821
1289 3
1290 2194
1291 602
1292 36917
1293 3537
1294 1801
1295 74625
1296 43482
1297 12863
1298 566363
1299 62205
1300 145419
1301 12590
1302 13917
1303 358566
1304 65801
1305 181
1306 106
1307 8
1308 19569
1309 4559
1310 928
1311 10191
1312 453
1313 536
1314 73
1315 153
1316 4465
1317 3924
1318 194
1319 1924
1320 42194
1321 4
1322 60
1323 1309
1324 52
1325 3050
1326 7
1327 2122
1328 18
1329 105
1330 260812
1331 94
1332 2100
1333 988
1334 553
1335 2900
1336 993
1337 4
1338 15009
1339 165
1340 9
1341 9
1342 176
1343 187454
1344 449349
1345 216794
1346 57988
1347 48010
1348 347
1349 4
1350 17867
1351 851
1352 174
1353 20865
1354 99389
1355 12
1356 36
1357 884
1358 1950
1359 955
1360 81
1361 377
1362 22185
1363 147
1364 22635
1365 164
1366 266
1367 1
1368 13
1369 2606
1370 5381
1371 46
1372 30
1373 5659
1374 1
1375 11
1376 683
1377 94
1378 1154
1379 6399
1380 59519
1381 15
1382 7644
1383 1055
1384 5
1385 11
1386 30619
1387 8835
1388 2535
1389 39007
1390 7
1391 103084
1392 1
1393 17
1394 1150
1395 43
1396 2347
1397 4
1398 84
1399 444935
1400 339743
1401 1097
1402 1
1403 1889
1404 910
1405 453
1406 3875
1407 30
1408 230978
1409 233232
1410 338
1411 7142
1412 7855
1413 342
1414 283
1415 104
1416 2375
1417 963
1418 835
1419 352
1420 1
1421 15
1422 26931
1423 1136
1424 314
1425 2081
1426 435
1427 2456
1428 435
1429 270
1430 283
1431 9194
1432 160466
1433 3338
1434 18198
1435 1047
1436 616
1437 5
1438 2199
1439 3183
1440 79
1441 189485
1442 13878
1443 741
1444 9227
1445 296236
1446 9695
1447 11724
1448 41186
1449 1274
1450 33454
1451 26641
1452 126331
1453 3054
1454 385
1455 243
1456 487
1457 206
1458 11956
1459 1397
1460 22
1461 701
1462 2
1463 2
1464 664
1465 1789
1466 1977
1467 19
1468 9099
1469 4654
1470 37071
1471 104
1472 2
1473 6
1474 2168
1475 937
1476 1132
1477 11412
1478 2
1479 331
1480 18
1481 20193
1482 5580
1483 3
1484 2261
1485 359
1486 565
1487 1144
1488 33521
1489 7028
1490 72
1491 4854
1492 314704
1493 376
1494 5844
1495 6
1496 200
1497 477
1498 535
1499 1517
1500 75
1501 2053
1502 3912
1503 4799
1504 1975
1505 50785
1506 58256
1507 944
1508 8519
1509 279
1510 307
1511 20
1512 1838
1513 17
1514 678
1515 157349
1516 4190
1517 1252
1518 251936
1519 16283
1520 883
1521 1288
1522 598
1523 234
1524 79704
1525 8365
1526 6626
1527 827
1528 26
1529 233310
1530 1677
1531 763
1532 30640
1533 2
1534 374
1535 2788
1536 2995
1537 296
1538 2623
1539 819
1540 974
1541 29
1542 390
1543 4206
1544 23410
1545 19607
1546 544
1547 1
1548 162
1549 7462
1550 48
1551 200
1552 1767
1553 121062
1554 19923
1555 601683
1556 11728
1557 6597
1558 15944
1559 3230
1560 8328
1561 371
1562 462398
1563 17269
1564 176
1565 2009
1566 9990
1567 23000
1568 130
1569 991
1570 367
1571 1092
1572 4529
1573 161
1574 26237
1575 45850
1576 10
1577 9881
1578 31472
1579 709
1580 37617
1581 78446
1582 26763
1583 153584
1584 960850
1585 100598
1586 279
1587 291875
1588 10560
1589 330821
1590 326
1591 25853
1592 28185
1593 2059
1594 1201
1595 550
1596 5638
1597 437
1598 2552
1599 8855
1600 39502
1601 32986
1602 249197
1603 281930
1604 11495
1605 60856
1606 337
1607 4473
1608 23
1609 192
1610 10546
1611 218
1612 116
1613 27
1614 7274
1615 114055
1616 12233
1617 8001
1618 101
1619 232091
1620 4586
1621 78
1622 33874
1623 136
1624 1292
1625 144
1626 155
1627 134
1628 4969
1629 145
1630 319077
1631 17
1632 13
1633 2207
1634 685
1635 90
1636 2075
1637 23438
1638 132341
1639 24441
1640 2146
1641 25015
1642 36072
1643 355
1644 249599
1645 2352
1646 9408
1647 879
1648 122
1649 127
1650 136
1651 388
1652 194
1653 30108
1654 44075
1655 13
1656 766
1657 19064
1658 23361
1659 26630
1660 88
1661 7254
1662 85627
1663 426923
1664 41511
1665 38742
1666 89161
1667 729316
1668 559582
1669 40967
1670 509
1671 1206
1672 658
1673 2742
1674 8501
1675 793
1676 51711
1677 568
1678 25
1679 4032
1680 39
1681 108180
1682 681
1683 65
1684 20096
1685 15190
1686 600
1687 194
1688 9206
1689 8098
1690 8029
1691 86247
1692 3270
1693 821
1694 105667
1695 40598
1696 115
1697 2360
1698 90
1699 3134
1700 324
1701 65
1702 1071
1703 5612
1704 782
1705 641
1706 471
1707 1966
1708 554985
1709 1452
1710 491
1711 98
1712 3538
1713 11674
1714 205294
1715 1031
1716 521
1717 2500
1718 20028
1719 2468
1720 259986
1721 5197
1722 609
1723 1156
1724 651
1725 96
1726 1123
1727 19306
1728 10345
1729 137258
1730 68512
1731 3866
1732 223
1733 674
1734 438
1735 120
1736 1996
1737 570
1738 86251
1739 1582
1740 2890
1741 478
1742 36
1743 633
1744 321
1745 58247
1746 1127
1747 325
1748 1828
1749 4197
1750 81
1751 15
1752 582
1753 1057
1754 499
1755 56843
1756 758191
1757 24454
1758 74159
1759 13020
1760 8
1761 109518
1762 1652
1763 5614
1764 180066
1765 17
1766 4433
1767 145684
1768 117288
1769 3062
1770 5024
1771 85345
1772 37159
1773 152265
1774 78306
1775 78084
1776 2168
1777 720
1778 70109
1779 5340
1780 224303
1781 91
1782 28239
1783 7
1784 1557
1785 42993
1786 2565
1787 1727
1788 17
1789 20412
1790 93842
1791 53
1792 293
1793 8
1794 51
1795 23
1796 1400
1797 44
1798 399
1799 9990
1800 229
1801 167246
1802 5278
1803 24826
1804 243
1805 2024
1806 151
1807 1625
1808 38226
1809 9
1810 36655
1811 1727
1812 223
1813 3
1814 423
1815 30213
1816 17874
1817 4528
1818 2
1819 1408
1820 158
1821 772
1822 221233
1823 27
1824 39415
1825 34
1826 136
1827 222
1828 2
1829 2709
1830 400068
1831 34
1832 3523
1833 1411
1834 1145
1835 381
1836 580268
1837 39946
1838 1082998
1839 97
1840 4991
1841 53844
1842 14
1843 28918
1844 175417
1845 21
1846 278
1847 20534
1848 8970
1849 2395
1850 19907
1851 404
1852 5189
1853 218919
1854 145451
1855 27828
1856 154301
1857 20116
1858 1126
1859 62
1860 350
1861 3173
1862 84458
1863 13777
1864 186545
1865 1043
1866 547953
1867 28699
1868 1869
1869 821
1870 12
1871 1179
1872 302
1873 975
1874 1788
1875 1400
1876 2017
1877 9614
1878 2003
1879 8
1880 1250
1881 2699
1882 207
1883 511423
1884 754
1885 128
1886 764
1887 1230
1888 5
1889 78
1890 11532
1891 3395
1892 592
1893 11
1894 33606
1895 33
1896 26420
1897 3497
1898 24315
1899 273
1900 56
1901 1150
1902 628
1903 855
1904 31
1905 804
1906 140663
1907 39
1908 1011
1909 1714
1910 60943
1911 14936
1912 74290
1913 764
1914 256
1915 1322
1916 8258
1917 1775
1918 350
1919 3952
1920 5358
1921 178405
1922 1800
1923 6685
1924 11898
1925 10820
1926 9293
1927 408
1928 1245
1929 12423
1930 330
1931 21042
1932 560
1933 1526851
1934 57
1935 4611
1936 181
1937 10021
1938 1742
1939 833
1940 7690
1941 5065
1942 176965
1943 8236
1944 6390
1945 16716
1946 20
1947 38148
1948 759
1949 24280
1950 200128
1951 6891
1952 9062
1953 8696
1954 2362
1955 10919
1956 104
1957 71
1958 432
1959 24439
1960 9191
1961 6017
1962 30477
1963 13805
1964 3783
1965 193
1966 76
1967 238
1968 1486
1969 2
1970 6597
1971 674
1972 700
1973 102040
1974 320817
1975 6121
1976 45
1977 1159
1978 178
1979 61
1980 93
1981 14145
1982 6
1983 348986
1984 479
1985 347
1986 268
1987 27096
1988 430
1989 5500
1990 4795
1991 24361
1992 64392
1993 13803
1994 1277
1995 689
1996 273
1997 497
1998 5014
1999 23829
2000 1057
2001 4
2002 8299
2003 1481
2004 15116
2005 1853
2006 31
2007 22
2008 134
2009 11
2010 4
2011 887
2012 434
2013 564
2014 130
2015 135543
2016 606025
2017 261785
2018 18343
2019 47629
2020 59189
2021 38382
2022 68753
2023 384
2024 45
2025 17714
2026 764
2027 44
2028 8117
2029 30
2030 12699
2031 385
2032 361
2033 37
2034 19
2035 46
2036 11035
2037 6693
2038 1842
2039 13794
2040 188
2041 684
2042 170
2043 25
2044 158059
2045 7486
2046 28747
2047 1044
2048 34
2049 578
2050 23
2051 57
2052 218642
2053 54112
2054 31307
2055 921
2056 13031
2057 1213
2058 25295
2059 20564
2060 10294
2061 2564435
2062 89
2063 1308
2064 198
2065 66201
2066 108
2067 12
2068 575
2069 110521
2070 3249
2071 692
2072 12795
2073 861
2074 7
2075 9904
2076 1677
2077 269
2078 177
2079 18
2080 2
2081 243
2082 71
2083 185
2084 29
2085 152353
2086 9437
2087 1391
2088 834
2089 279
2090 328
2091 91977
2092 102
2093 32
2094 466
2095 1298
2096 363
2097 1985
2098 29622
2099 22337
2100 108743
2101 156
2102 831
2103 30
2104 64351
2105 28
2106 110
2107 75
2108 49367
2109 3796
2110 14
2111 47
2112 40
2113 58
2114 78889
2115 32
2116 19
2117 18
2118 2134
2119 1364
2120 37
2121 14
2122 159
2123 676
2124 33
2125 172
2126 66
2127 4226
2128 847
2129 43
2130 110
2131 42
2132 41
2133 3072
2134 55195
2135 121193
2136 30
2137 2718
2138 6205
2139 93667
2140 5593
2141 11932
2142 46695
2143 22934
2144 10
2145 44
2146 16000
2147 967
2148 77861
2149 47
2150 79
2151 33
2152 17
2153 90
2154 12
2155 52239
2156 30
2157 13174
2158 404
2159 493
2160 15
2161 48
2162 4275
2163 299
2164 4550
2165 51796
2166 138707
2167 450129
2168 7644
2169 13489
2170 43566
2171 3931
2172 5010
2173 139144
2174 238953
2175 431
2176 5076
2177 662
2178 91
2179 9532
2180 833
2181 335
2182 33623
2183 168918
2184 1124
2185 83345
2186 68
2187 24091
2188 148665
2189 19093
2190 1763
2191 30317
2192 1418
2193 4608
2194 27579
2195 2581
2196 1458
2197 412
2198 11
2199 56070
2200 1634
2201 91144
2202 6617
2203 2661
2204 91595
2205 97
2206 29596
2207 40278
2208 29203
2209 1230
2210 4871
2211 58
2212 3196
2213 17044
2214 91784
2215 22443
2216 53019
2217 4421
2218 169
2219 165463
2220 10919
2221 19
2222 222
2223 17
2224 6784
2225 3198
2226 9508
2227 61574
2228 369
2229 1439
2230 4898
2231 3108
2232 52
2233 254299
2234 500
2235 129
2236 505780
2237 32
2238 6672
2239 447
2240 2641
2241 1542
2242 159
2243 178343
2244 7
2245 3528
2246 376
2247 14
2248 17436
2249 736
2250 2795
2251 50435
2252 45366
2253 384
2254 368063
2255 12837
2256 144056
2257 129681
2258 242227
2259 77336
2260 29756
2261 155723
2262 25063
2263 3611
2264 217421
2265 6283
2266 4014
2267 116557
2268 1469
2269 4684
2270 318
2271 16849
2272 10058
2273 792
2274 2179
2275 1521
2276 106323
2277 2194
2278 13420
2279 598538
2280 3903
2281 12476
2282 1098
2283 599
2284 245
2285 981
2286 184
2287 1052
2288 47687
2289 10990
2290 44
2291 73
2292 1004
2293 9980
2294 508
2295 218
2296 240
2297 100232
2298 172315
2299 102010
2300 6264
2301 403
2302 46094
2303 1151
2304 798
2305 2061
2306 155
2307 15
2308 1724
2309 262
2310 2923
2311 140223
2312 113
2313 146
2314 147967
2315 69
2316 13
2317 103
2318 1
2319 943
2320 784
2321 92
2322 2478
2323 142
2324 184
2325 2186
2326 6
2327 69
2328 5
2329 423226
2330 37402
2331 1026
2332 57248
2333 95
2334 22
2335 158
2336 472
2337 3059
2338 275
2339 20212
2340 490
2341 5395
2342 4
2343 26
2344 276
2345 4402
2346 62027
2347 17906
2348 6
2349 175250
2350 1167
2351 15
2352 38
2353 14
2354 872
2355 227710
2356 274589
2357 151
2358 1278
2359 36
2360 1317
2361 8694
2362 3114
2363 415
2364 346
2365 1443
2366 62865
2367 4165308
2368 1230
2369 1067054
2370 20622
2371 92870
2372 28897
2373 27741
2374 342
2375 63855
2376 1513
2377 5310
2378 52945
2379 1225
2380 13301
2381 6102
2382 736
2383 174
2384 7743
2385 290
2386 528
2387 92890
2388 16294
2389 1041
2390 108633
2391 10816
2392 5037
2393 47085
2394 16884
2395 510
2396 26194
2397 165005
2398 23726
2399 636
2400 80
2401 725
2402 1767
2403 132
2404 20
2405 411
2406 4432
2407 82
2408 6209
2409 1460
2410 519
2411 176995
2412 556829
2413 1422
2414 497
2415 3384
2416 1588
2417 445
2418 1392
2419 73
2420 28236
2421 179
2422 34610
2423 86
2424 14018
2425 2191
2426 20214
2427 829
2428 555
2429 686
2430 79
2431 55
2432 137715
2433 689
2434 407
2435 2674
2436 665
2437 448
2438 39
2439 1909
2440 50
2441 6686
2442 20691
2443 21217
2444 176
2445 17085
2446 46
2447 384
2448 7633
2449 2083
2450 1063
2451 641
2452 790
2453 13838
2454 1204
2455 3366
2456 10485
2457 273
2458 17094
2459 272230
2460 459
2461 284
2462 3433
2463 3351
2464 254
2465 1797
2466 61
2467 545655
2468 2574
2469 9305
2470 23401
2471 94554
2472 25454
2473 83
2474 586
2475 11
2476 26
2477 12681
2478 8524
2479 6066
2480 798
2481 394
2482 7444
2483 155
2484 23074
2485 178518
2486 2
2487 1057
2488 117068
2489 31230
2490 18
2491 6079
2492 3798
2493 192
2494 2416
2495 8526
2496 9539
2497 13118
2498 55105
2499 1792
2500 4368
2501 441973
2502 42102
2503 41947
2504 98244
2505 1953
2506 1045263
2507 24461
2508 564
2509 10859
2510 45263
2511 231
2512 35364
2513 9331
2514 2
2515 1683
2516 1712
2517 294
2518 186
2519 1088
2520 283
2521 196
2522 6
2523 25
2524 1043
2525 11836
2526 9794
2527 331
2528 167767
2529 25003
2530 366519
2531 7374
2532 5134
2533 733
2534 3065
2535 1307
2536 213
2537 1480
2538 42871
2539 4137
2540 6118
2541 334351
2542 16199
2543 8735
2544 812
2545 11025
2546 67320
2547 37680
2548 21884
2549 905
2550 42
2551 1815
2552 355
2553 70
2554 1282
2555 388
2556 1924
2557 4
2558 8973
2559 20883
2560 9330
2561 928
2562 929
2563 263
2564 22
2565 113
2566 26
2567 329
2568 25967
2569 32
2570 1161
2571 20
2572 2191
2573 84179
2574 453
2575 1583
2576 212
2577 728
2578 155
2579 6812
2580 254
2581 3694
2582 641
2583 2
2584 114372
2585 129431
2586 18271
2587 82149
2588 40
2589 7
2590 752
2591 21
2592 12130
2593 222
2594 192329
2595 944
2596 190
2597 3
2598 4060
2599 24307
2600 641
2601 36
2602 380
2603 646
2604 57
2605 17836
2606 9
2607 1011
2608 266
2609 258
2610 14336
2611 1547
2612 4025
2613 36767
2614 187
2615 121
2616 5825
2617 1022
2618 18884
2619 2331
2620 93
2621 4
2622 13081
2623 891
2624 65
2625 138
2626 334
2627 35237
2628 59041
2629 103596
2630 36837
2631 7918
2632 17
2633 13048
2634 4135
2635 76
2636 5318
2637 326
2638 312
2639 457113
2640 158103
2641 38
2642 4318
2643 241218
2644 15
2645 109
2646 8079
2647 196
2648 902
2649 167
2650 9712
2651 19
2652 590
2653 190780
2654 496
2655 13056
2656 1987
2657 87
2658 40
2659 6153
2660 78145
2661 908
2662 32
2663 132
2664 750
2665 484
2666 9592
2667 2432
2668 87
2669 835
2670 3
2671 105
2672 801
2673 10981
2674 768
2675 171
2676 571
2677 22645
2678 5639
2679 636
2680 79554
2681 2502
2682 14776
2683 240
2684 445
2685 1355
2686 52000
2687 412987
2688 92
2689 4421
2690 927
2691 13471
2692 51358
2693 93215
2694 25577
2695 229916
2696 9920
2697 6007
2698 12808
2699 71970
2700 15773
2701 13341
2702 442
2703 25669
2704 308
2705 3634
2706 345743
2707 4462
2708 7275
2709 30253
2710 4466
2711 19264
2712 804
2713 8189
2714 122998
2715 257
2716 35289
2717 193
2718 4857
2719 25251
2720 3689
2721 1963
2722 2550
2723 259
2724 1023
2725 113350
2726 227
2727 1959
2728 235195
2729 2225
2730 791
2731 337
2732 72
2733 5355
2734 293
2735 13488
2736 268755
2737 1074
2738 232
2739 614
2740 161
2741 3118
2742 136
2743 760
2744 2330
2745 16404
2746 732764
2747 5217
2748 48008
2749 10710
2750 1013
2751 1961
2752 107931
2753 12570
2754 9025
2755 6608
2756 2330
2757 43608
2758 1
2759 1186
2760 917
2761 472
2762 21217
2763 57412
2764 365767
2765 4377
2766 1978
2767 17242
2768 14122
2769 133787
2770 47876
2771 25485
2772 1517
2773 6605
2774 2485
2775 1454
2776 274
2777 259
2778 31
2779 12514
2780 780
2781 77
2782 159
2783 108
2784 3126
2785 3614
2786 38132
2787 41113
2788 54
2789 2072
2790 726
2791 11050
2792 5868
2793 687306
2794 5360
2795 3601
2796 1213
2797 201
2798 18
2799 2905
2800 6
2801 9141
2802 391
2803 13
2804 8490
2805 643
2806 1283
2807 15157
2808 870
2809 492
2810 46607
2811 12594
2812 633
2813 576
2814 86322
2815 90759
2816 29
2817 116042
2818 22710
2819 550
2820 697
2821 16053
2822 130182
2823 20406
2824 452
2825 6494
2826 615
2827 14502
2828 1093
2829 1383
2830 13
2831 454
2832 78
2833 1667
2834 179
2835 55
2836 8705
2837 5988
2838 169
2839 14359
2840 30607
2841 156
2842 44516
2843 485
2844 62557
2845 245
2846 31771
2847 10147
2848 2223
2849 2924
2850 682
2851 1035
2852 25498
2853 6530
2854 1
2855 16806
2856 1864
2857 4251
2858 34238
2859 38320
2860 82987
2861 16350
2862 179880
2863 240671
2864 11590
2865 339
2866 2255
2867 102
2868 1015
2869 3780
2870 10715
2871 20864
2872 564
2873 42
2874 326
2875 192771
2876 2059
2877 83035
2878 13869
2879 616
2880 2445
2881 118
2882 180
2883 1408
2884 2771
2885 443
2886 558
2887 7438
2888 139534
2889 2
2890 2616
2891 6449
2892 79501
2893 8580
2894 45337
2895 5060
2896 30176
2897 5514
2898 144739
2899 196
2900 6
2901 138545
2902 7754
2903 382905
2904 267617
2905 1414
2906 6
2907 241
2908 8806
2909 32050
2910 102
2911 125
2912 15598
2913 42
2914 886
2915 584
2916 40142
2917 613
2918 2114
2919 689
2920 25506
2921 22726
2922 7345
2923 903
2924 4248
2925 1486
2926 800
2927 2914
2928 2073
2929 308
2930 13157
2931 229253
2932 489
2933 1048
2934 34
2935 916
2936 23398
2937 18782
2938 636
2939 11290
2940 374
2941 11908
2942 77064
2943 724
2944 3537
2945 13441
2946 9185
2947 2354
2948 205
2949 2711
2950 15189
2951 1
2952 1232
2953 232725
2954 51646
2955 14508
2956 201
2957 11232
2958 3278282
2959 2305
2960 606266
2961 340
2962 237
2963 11753
2964 78337
2965 197398
2966 166
2967 9083
2968 565
2969 2333
2970 204355
2971 3583
2972 30
2973 2096
2974 336
2975 26
2976 161
2977 72
2978 97
2979 222048
2980 2549
2981 19
2982 39951
2983 865
2984 7
2985 39256
2986 3674
2987 628
2988 392346
2989 20458
2990 14529
2991 849715
2992 6197
2993 4824
2994 888
2995 2589
2996 63
2997 442151
2998 1168
2999 1949
3000 1177
3001 4981
3002 132090
3003 4476
3004 1180
3005 40418
3006 2993
3007 23
3008 219877
3009 111254
3010 284
3011 72350
3012 753
3013 6
3014 72976
3015 120736
3016 10174
3017 651
3018 1559
3019 2728
3020 981
3021 120330
3022 13688
3023 378213
3024 6794
3025 1084
3026 286
3027 56796
3028 1529
3029 1038
3030 334
3031 1466
3032 11496
3033 582
3034 36659
3035 9
3036 619
3037 159013
3038 225630
3039 1377
3040 44
3041 4047
3042 32
3043 1970
3044 11
3045 3062
3046 110
3047 725
3048 83699
3049 15
3050 28
3051 37
3052 15
3053 21
3054 183
3055 32
3056 30
3057 220431
3058 278
3059 27
3060 8
3061 67019
3062 240
3063 8
3064 75
3065 174828
3066 9543
3067 456
3068 282
3069 452
3070 1194
3071 11964
3072 2
3073 14
3074 11
3075 213
3076 6
3077 6
3078 557
3079 16126
3080 49
3081 368569
3082 2
3083 102
3084 5
3085 30782
3086 6
3087 299
3088 1916
3089 402
3090 1
3091 42
3092 45
3093 73
3094 321
3095 1
3096 159993
3097 206
3098 3941
3099 13
3100 128
3101 5
3102 704
3103 8
3104 138
3105 7
3106 279
3107 553
3108 270
3109 34
3110 1606
3111 4108
3112 40
3113 2
3114 5
3115 4528
3116 78613
3117 300352
3118 3590
3119 380348
3120 41083
3121 13942
3122 19
3123 1691
3124 153
3125 105
3126 138
3127 269
3128 207903
3129 3275
3130 1139
3131 5246
3132 12842
3133 111
3134 36944
3135 3193
3136 209596
3137 8086
3138 79
3139 1127124
3140 1314
3141 1980
3142 370
3143 3261
3144 226
3145 581
3146 464
3147 885
3148 1192
3149 6284
3150 175669
3151 304
3152 4788
3153 42158
3154 11876
3155 73
3156 12
3157 470
3158 4819
3159 340
3160 3
3161 3336
3162 697
3163 8
3164 2767
3165 48
3166 11519
3167 2923
3168 51
3169 1107
3170 52624
3171 127653
3172 68338
3173 1029
3174 14944
3175 43
3176 75
3177 3402
3178 481
3179 1724
3180 15
3181 3
3182 76
3183 1266
3184 536
3185 49352
3186 37613
3187 3923
3188 9950
3189 5
3190 22602
3191 10
3192 9160
3193 2254
3194 4883
3195 948
3196 2462006
3197 32
3198 1144
3199 19823
3200 48040
3201 1927
3202 17825
3203 6709
3204 49586
3205 7632
3206 635
3207 2750
3208 3172
3209 4109
3210 978
3211 14
3212 2
3213 2409
3214 499
3215 287
3216 7051
3217 305
3218 362
3219 26453
3220 7173
3221 872
3222 53
3223 960
3224 2295
3225 1033
3226 2788
3227 6839
3228 4798
3229 22327
3230 342
3231 8
3232 300
3233 263
3234 12404
3235 58918
3236 3653
3237 135
3238 6
3239 2
3240 5095
3241 2871
3242 491
3243 136004
3244 19551
3245 819
3246 21660
3247 4457
3248 11
3249 3
3250 18
3251 402
3252 2647
3253 1146
3254 11
3255 92
3256 71268
3257 4
3258 190
3259 74
3260 654
3261 45
3262 1581
3263 323
3264 1069
3265 16193
3266 40
3267 122
3268 260
3269 9825
3270 1818
3271 30
3272 3
3273 1308
3274 74700
3275 1530
3276 2
3277 5599
3278 171
3279 13920
3280 1338
3281 892
3282 18813
3283 135
3284 5284
3285 482
3286 387
3287 479
3288 15456
3289 47852
3290 3638
3291 23
3292 129
3293 2
3294 57
3295 3375
3296 1
3297 1057
3298 9616
3299 29266
3300 3244
3301 1455
3302 62
3303 95499
3304 16836
3305 17839
3306 15354
3307 73997
3308 5021
3309 3779
3310 10884
3311 2435
3312 130890
3313 495
3314 280679
3315 93
3316 975
3317 598
3318 1076
3319 1387
3320 31492
3321 40
3322 396133
3323 37555
3324 447
3325 9082
3326 1124210
3327 43433
3328 33
3329 5480
3330 192046
3331 87624
3332 14438
3333 8
3334 71
3335 22
3336 4
3337 1035
3338 250
3339 119
3340 91
3341 256
3342 565
3343 61
3344 13
3345 2344
3346 75
3347 126
3348 15
3349 75
3350 92
3351 128
3352 233
3353 61999
3354 20493
3355 2243
3356 10
3357 1475
3358 29769
3359 987
3360 3606
3361 270
3362 457
3363 4170
3364 52
3365 1082641
3366 392
3367 2150
3368 6288
3369 11799
3370 371
3371 6064
3372 1064
3373 1066
3374 1493
3375 112
3376 3255
3377 1241
3378 13
3379 34428
3380 1480
3381 1149
3382 8110
3383 1956
3384 3984
3385 756184
3386 5
3387 18
3388 11
3389 10041
3390 100
3391 22177
3392 585
3393 684
3394 798
3395 245
3396 64
3397 22073
3398 5
3399 135
3400 804
3401 2492
3402 14
3403 11967
3404 141508
3405 4685
3406 2137
3407 880
3408 45
3409 227
3410 132
3411 256
3412 104
3413 1201
3414 464
3415 1047
3416 9
3417 585
3418 3275
3419 1006
3420 173400
3421 194
3422 17
3423 30
3424 703
3425 2332
3426 16
3427 4296
3428 54
3429 451
3430 1181
3431 18
3432 327
3433 92
3434 262
3435 290
3436 47
3437 527
3438 9
3439 396
3440 1246
3441 2967
3442 1725
3443 524
3444 3329
3445 966
3446 25047
3447 2248
3448 326
3449 17242
3450 841
3451 8
3452 15
3453 13516
3454 1285171
3455 896589
3456 411
3457 49
3458 63
3459 8788
3460 7040
3461 7295
3462 21146
3463 182229
3464 740
3465 1675
3466 2
3467 332
3468 1242
3469 32
3470 10615
3471 13601
3472 2200
3473 92
3474 1130
3475 770
3476 666
3477 1
3478 347
3479 32540
3480 1684
3481 1780
3482 55978
3483 1834
3484 777479
3485 15706
3486 50
3487 47
3488 883
3489 1195
3490 130
3491 71
3492 338
3493 15755
3494 46
3495 7703
3496 548845
3497 189561
3498 256360
3499 7976
3500 256
3501 47415
3502 11591
3503 24316
3504 46
3505 72
3506 313
3507 102708
3508 2165
3509 925
3510 6
3511 99
3512 1286
3513 45
3514 12
3515 715
3516 266
3517 7645
3518 53360
3519 276
3520 2577
3521 7
3522 71
3523 914
3524 28
3525 221
3526 6
3527 1501
3528 914
3529 874
3530 2
3531 37
3532 5
3533 355
3534 89
3535 10309
3536 3
3537 11372
3538 1255
3539 15344
3540 4192
3541 14069
3542 86
3543 40
3544 1076
3545 5118
3546 6526
3547 671
3548 200580
3549 123
3550 2
3551 9
3552 359
3553 1252
3554 626
3555 3451
3556 3382
3557 64
3558 11
3559 185
3560 2162
3561 293
3562 536
3563 21
3564 4517
3565 425
3566 165
3567 96431
3568 13
3569 84
3570 187
3571 2755
3572 87513
3573 53
3574 1386
3575 8715
3576 1
3577 358
3578 1725
3579 59
3580 98
3581 789
3582 134
3583 117
3584 6854
3585 144
3586 325
3587 1100
3588 3610
3589 74
3590 4
3591 9
3592 65
3593 4759
3594 595
3595 672
3596 738
3597 1982461
3598 16030
3599 1316
3600 6458
3601 479
3602 108647
3603 1255
3604 17584
3605 107504
3606 349
3607 257
3608 51276
3609 135
3610 66
3611 64974
3612 7
3613 1651
3614 15447
3615 4371
3616 2224
3617 23771
3618 2395
3619 1184
3620 1389
3621 1289
3622 3793
3623 67637
3624 660
3625 26
3626 3956
3627 4297
3628 4
3629 168
3630 3345
3631 1438
3632 7678
3633 36779
3634 1832
3635 498542
3636 1886345
3637 1234
3638 42
3639 1684
3640 256
3641 614
3642 612
3643 30
3644 4070
3645 12025
3646 1759
3647 708
3648 66406
3649 8835
3650 12
3651 6304
3652 18882
3653 872
3654 1144
3655 119
3656 3800
3657 26654
3658 7782
3659 97
3660 778
3661 27608
3662 909
3663 24
3664 1230
3665 564235
3666 33686
3667 107
3668 298
3669 1244
3670 59
3671 1
3672 809
3673 2210
3674 19
3675 1274
3676 4
3677 9741
3678 377773
3679 4832
3680 509693
3681 5296
3682 54868
3683 6
3684 240
3685 12930
3686 37
3687 2013
3688 3562
3689 5264
3690 91132
3691 47
3692 321
3693 9
3694 2
3695 1394
3696 730
3697 82517
3698 964
3699 399
3700 1187
3701 13650
3702 1874664
3703 2781
3704 360007
3705 96
3706 522
3707 1117
3708 263806
3709 537
3710 49
3711 433
3712 8719
3713 884751
3714 6892
3715 253
3716 514
3717 25
3718 509
3719 3054
3720 1148
3721 10118
3722 336
3723 128509
3724 588
3725 136
3726 2389
3727 11381
3728 2083
3729 61
3730 334
3731 516
3732 6065
3733 72
3734 12262
3735 1939
3736 8648
3737 173
3738 982
3739 1573
3740 21811
3741 3654
3742 165
3743 3111
3744 1359
3745 571
3746 6
3747 158
3748 126
3749 8
3750 2405
3751 2457
3752 877
3753 50
3754 134
3755 46139
3756 1617
3757 24612
3758 6010
3759 188470
3760 117
3761 683
3762 49369
3763 2827
3764 1347
3765 99283
3766 39
3767 407
3768 279
3769 753
3770 1276
3771 2419
3772 3070
3773 7159
3774 1132
3775 426597
3776 17146
3777 101766
3778 4818
3779 538
3780 818
3781 787
3782 2415
3783 531
3784 1008
3785 384
3786 398
3787 7143
3788 1693
3789 19
3790 13
3791 147
3792 869
3793 20
3794 220
3795 58071
3796 79
3797 7643
3798 7151
3799 159
3800 12733
3801 55659
3802 198794
3803 12
3804 41333
3805 45246
3806 3
3807 3441
3808 505784
3809 697
3810 567
3811 38779
3812 191
3813 177
3814 5133
3815 508
3816 1108
3817 1
3818 15299
3819 1705
3820 9
3821 57343
3822 1
3823 13700
3824 394
3825 1070
3826 3298
3827 1
3828 7361
3829 49164
3830 229219
3831 200950
3832 106
3833 1581
3834 320
3835 7866
3836 1012
3837 4819
3838 6150
3839 437
3840 12679
3841 403
3842 1240
3843 1246
3844 7725
3845 309
3846 15
3847 8
3848 23
3849 6
3850 5
3851 248
3852 671
3853 2684
3854 297
3855 13
3856 426
3857 3
3858 27
3859 21
3860 26
3861 930
3862 86
3863 15
3864 628
3865 57
3866 121
3867 45
3868 5930
3869 2156
3870 209
3871 416
3872 37579
3873 3779
3874 53038
3875 567
3876 8559
3877 5095
3878 117
3879 443
3880 21397
3881 2152
3882 68
3883 121338
3884 224975
3885 252
3886 7
3887 109
3888 114905
3889 5380
3890 1087
3891 6682
3892 80062
3893 10294
3894 1798
3895 2718
3896 3362
3897 44
3898 305
3899 215585
3900 27
3901 16959
3902 13
3903 1129
3904 9139
3905 1042
3906 402
3907 4080
3908 1227
3909 5667
3910 678
3911 54
3912 1241
3913 117695
3914 4094
3915 2753
3916 49828
3917 40202
3918 59525
3919 516847
3920 570601
3921 205244
3922 113
3923 94
3924 1200
3925 34
3926 713
3927 13
3928 109
3929 135033
3930 253
3931 51848
3932 314
3933 4558
3934 1370
3935 139970
3936 297070
3937 1326
3938 6992
3939 34
3940 1574
3941 11
3942 314653
3943 101304
3944 68
3945 88198
3946 4351
3947 3595
3948 8
3949 70
3950 2351
3951 73707
3952 845
3953 11040
3954 113554
3955 104020
3956 91
3957 736
3958 87693
3959 96
3960 1039
3961 2
3962 620
3963 340
3964 6874
3965 165
3966 21
3967 362351
3968 31082
3969 147
3970 85215
3971 13
3972 14939
3973 265
3974 72
3975 238880
3976 2703
3977 66178
3978 3948
3979 957371
3980 128846
3981 547
3982 69
3983 21412
3984 360
3985 2394
3986 350
3987 418420
3988 218597
3989 344
3990 1324
3991 3143
3992 20495
3993 55859
3994 529
3995 38105
3996 137
3997 16
3998 3
3999 336
4000 8969
4001 27
4002 9352
4003 53
4004 679
4005 12
4006 43
4007 27
4008 295
4009 136
4010 39
4011 1263
4012 237
4013 32
4014 36
4015 108
4016 117
4017 43
4018 29705
4019 301959
4020 71
4021 63811
4022 51
4023 677
4024 5913
4025 2153
4026 88918
4027 8661
4028 301
4029 77
4030 465
4031 435
4032 1897
4033 558
4034 4878
4035 40
4036 36
4037 208176
4038 200683
4039 11565
4040 627
4041 199730
4042 346
4043 13
4044 27921
4045 22
4046 173
4047 25
4048 2110
4049 8117
4050 4
4051 128
4052 51
4053 22
4054 27
4055 98
4056 2281
4057 578673
4058 1861
4059 742666
4060 117050
4061 79216
4062 90960
4063 3351
4064 61008
4065 402
4066 15533
4067 239117
4068 14805
4069 11713
4070 302882
4071 404221
4072 22074
4073 1328
4074 610
4075 34639
4076 23
4077 197
4078 1228
4079 26
4080 18
4081 3
4082 57
4083 325936
4084 46
4085 10068
4086 12186
4087 74268
4088 1448
4089 371
4090 12397
4091 644526
4092 2249
4093 10912
4094 466
4095 261
4096 16
4097 34
4098 1
4099 40
4100 10179
4101 70747
4102 35551
4103 4960
4104 258
4105 6
4106 91711
4107 2
4108 545
4109 2266
4110 88
4111 267
4112 1662
4113 1303
4114 477
4115 1511
4116 27
4117 111
4118 582
4119 117
4120 556
4121 8333
4122 60
4123 8
4124 273711
4125 226
4126 188304
4127 177702
4128 68
4129 3592
4130 4603
4131 4863
4132 81462
4133 945
4134 4998
4135 2802
4136 3
4137 277
4138 1033
4139 194
4140 158663
4141 5718
4142 2180
4143 629
4144 113
4145 86
4146 505
4147 545
4148 642
4149 621
4150 1074
4151 21
4152 635
4153 4177
4154 133
4155 379
4156 595
4157 1037
4158 1185
4159 80
4160 9755
4161 169
4162 14
4163 7
4164 1229
4165 1
4166 106
4167 885
4168 461
4169 64
4170 32
4171 886306
4172 7
4173 118
4174 383
4175 5795
4176 37713
4177 2095
4178 340
4179 8865
4180 49794
4181 1279189
4182 2110
4183 1279
4184 3610
4185 3609
4186 16186
4187 6308
4188 25245
4189 4504
4190 275
4191 32
4192 1686
4193 1789
4194 2685
4195 3129
4196 1175
4197 879
4198 1021
4199 359
4200 146804
4201 281
4202 2391
4203 108
4204 44
4205 767
4206 16
4207 13875
4208 70
4209 4213
4210 6036
4211 3748
4212 231
4213 338
4214 293
4215 5661
4216 8071
4217 391
4218 4288
4219 607
4220 885
4221 122
4222 14196
4223 22204
4224 8100
4225 295
4226 94
4227 49483
4228 2617
4229 17020
4230 143
4231 326
4232 20352
4233 4703
4234 603
4235 313
4236 1908
4237 1541
4238 4390
4239 7116
4240 1434
4241 22
4242 370
4243 1366
4244 40
4245 5319
4246 187
4247 10194
4248 18624
4249 3207
4250 25
4251 12
4252 1197
4253 944
4254 8642
4255 323
4256 302
4257 567
4258 10380
4259 3025
4260 3
4261 794
4262 1751
4263 678
4264 2429
4265 2017
4266 1452
4267 257
4268 503
4269 1553
4270 548
4271 4260
4272 650
4273 111
4274 4280
4275 82
4276 230
4277 377
4278 123
4279 243
4280 22
4281 2647
4282 1625
4283 886
4284 1013
4285 1076
4286 161502
4287 18
4288 128
4289 8424
4290 364
4291 8
4292 1941
4293 1386
4294 452
4295 379
4296 21
4297 474
4298 706
4299 73094
4300 530
4301 4726
4302 21367
4303 461
4304 9374
4305 61
4306 785
4307 50013
4308 2807
4309 126
4310 1
4311 2310
4312 335
4313 244
4314 5064
4315 307
4316 109
4317 211
4318 150
4319 924
4320 328
4321 547
4322 4747
4323 556
4324 1970
4325 38604
4326 787
4327 1783
4328 7154
4329 25
4330 4234
4331 8535
4332 430
4333 8435
4334 76
4335 6
4336 1072
4337 9525
4338 40
4339 4972
4340 430
4341 31
4342 34
4343 10
4344 633921
4345 3557
4346 294
4347 1775
4348 1296
4349 8
4350 919
4351 33
4352 6599
4353 2848
4354 473
4355 17042
4356 32
4357 9350
4358 420
4359 20026
4360 529
4361 282
4362 2285
4363 205
4364 444812
4365 12
4366 4
4367 114
4368 1297
4369 121
4370 24528
4371 33
4372 119
4373 11599
4374 77
4375 935
4376 73
4377 569
4378 33
4379 24
4380 8739
4381 5369
4382 16
4383 3
4384 398
4385 5943
4386 364
4387 6172
4388 119
4389 532
4390 36
4391 4275
4392 839
4393 233
4394 47
4395 81
4396 309
4397 259
4398 829
4399 312
4400 476
4401 375
4402 2
4403 893
4404 30662
4405 2728
4406 200
4407 3802
4408 1980
4409 276376
4410 14637
4411 3977
4412 41
4413 201
4414 5107
4415 3738
4416 5482
4417 237
4418 34
4419 13084
4420 160688
4421 366
4422 27
4423 140
4424 678
4425 4836
4426 203
4427 45118
4428 301
4429 29
4430 682
4431 1
4432 8920
4433 11
4434 1973
4435 9
4436 1390
4437 418
4438 985
4439 2328
4440 5100
4441 1338
4442 9492
4443 1142
4444 13664
4445 219
4446 560
4447 826
4448 145
4449 694
4450 52008
4451 16846
4452 43
4453 433
4454 451
4455 8730
4456 59945
4457 92423
4458 5469
4459 52572
4460 167232
4461 4270
4462 267469
4463 1053988
4464 18590
4465 4197
4466 10982
4467 5393
4468 5802
4469 1815
4470 726112
4471 927
4472 69494
4473 3251
4474 30
4475 175669
4476 227
4477 6441
4478 8656
4479 88123
4480 356
4481 10
4482 6643
4483 580
4484 61615
4485 364
4486 101089
4487 164
4488 127
4489 9
4490 12366
4491 530
4492 2134
4493 45868
4494 77611
4495 66
4496 968
4497 78
4498 2244
4499 875
4500 164
4501 4496
4502 83548
4503 13282
4504 75933
4505 156
4506 45
4507 1172
4508 44271
4509 651
4510 45402
4511 35423
4512 4911
4513 3942
4514 1939
4515 497
4516 404301
4517 1641
4518 494
4519 1752
4520 231380
4521 21402
4522 4038
4523 11303
4524 211136
4525 27576
4526 5764
4527 154530
4528 74267
4529 99
4530 171
4531 418
4532 41
4533 28
4534 7741
4535 174
4536 7873
4537 1442
4538 797
4539 207
4540 17
4541 321
4542 606
4543 1232
4544 606
4545 1326
4546 16
4547 153
4548 78
4549 3564
4550 53067
4551 3570
4552 76
4553 53726
4554 21335
4555 3412
4556 17518
4557 144468
4558 247
4559 196
4560 208
4561 1068
4562 106
4563 6566
4564 514
4565 6646
4566 130
4567 54625
4568 1830
4569 23346
4570 508
4571 912
4572 23129
4573 156
4574 271027
4575 362
4576 111081
4577 113
4578 164873
4579 146642
4580 4284
4581 3630
4582 12752
4583 12567
4584 7461
4585 226
4586 9046
4587 74
4588 2798
4589 191
4590 267
4591 213
4592 2147
4593 27378
4594 639
4595 28420
4596 175
4597 1890
4598 5049
4599 734
4600 2802
4601 425166
4602 2210
4603 2601
4604 1849
4605 1464
4606 2586
4607 302
4608 642
4609 96
4610 4050
4611 2201
4612 3255
4613 767
4614 3320
4615 8
4616 130
4617 100
4618 978
4619 1944
4620 508
4621 8652
4622 20
4623 178
4624 619
4625 117685
4626 19206
4627 2592
4628 633
4629 51743
4630 37297
4631 76
4632 59685
4633 2277
4634 150
4635 30
4636 2710
4637 76566
4638 158
4639 913897
4640 860
4641 10201
4642 740
4643 60
4644 136
4645 2
4646 20
4647 123
4648 137
4649 985
4650 2287
4651 24
4652 26
4653 100
4654 39
4655 162
4656 4254
4657 2094
4658 42
4659 414
4660 754
4661 3308
4662 1203727
4663 12863
4664 357212
4665 18557
4666 109
4667 850
4668 184
4669 157
4670 24620
4671 31
4672 247
4673 121
4674 2189
4675 220
4676 96
4677 802
4678 447
4679 74567
4680 62
4681 3262
4682 299
4683 258666
4684 601
4685 177
4686 2153
4687 64536
4688 12405
4689 332
4690 169
4691 1871
4692 31
4693 778
4694 16380
4695 9211
4696 2183
4697 575
4698 1900
4699 42301
4700 660
4701 196500
4702 1216
4703 4931
4704 455503
4705 144652
4706 1551
4707 2090
4708 32908
4709 1407
4710 1039975
4711 502
4712 20
4713 21
4714 61987
4715 341672
4716 76187
4717 41021
4718 33389
4719 20379
4720 1421
4721 7832
4722 465
4723 803
4724 238462
4725 1390
4726 5270
4727 1722
4728 165
4729 2109
4730 17345
4731 35556
4732 321751
4733 26793
4734 27463
4735 357628
4736 42193
4737 960
4738 298917
4739 70270
4740 3284
4741 1094033
4742 401470
4743 181
4744 309
4745 842
4746 712
4747 3269
4748 141872
4749 7852
4750 5994
4751 1738
4752 731
4753 3919
4754 277235
4755 130319
4756 9709
4757 218
4758 2696
4759 1885
4760 959
4761 27517
4762 83970
4763 20276
4764 51555
4765 54281
4766 3242
4767 4151
4768 388
4769 269
4770 4325
4771 464
4772 2149
4773 2096
4774 48
4775 14669
4776 173
4777 8743
4778 52453
4779 12
4780 431
4781 102468
4782 2065
4783 9314
4784 20583
4785 13767
4786 158
4787 881
4788 313846
4789 37653
4790 1151
4791 129
4792 1344
4793 11382
4794 3228
4795 86063
4796 39979
4797 64075
4798 650
4799 4555
4800 17331
4801 19809
4802 106044
4803 206679
4804 62930
4805 94731
4806 1
4807 211
4808 105
4809 20
4810 386063
4811 432
4812 4117
4813 3175
4814 4184
4815 20012
4816 4454
4817 158
4818 1269829
4819 676
4820 4282
4821 41
4822 43603
4823 23175
4824 234516
4825 17232
4826 2449
4827 859701
4828 53740
4829 24665
4830 34840
4831 352
4832 47
4833 14896
4834 240959
4835 4372
4836 730
4837 303
4838 106
4839 6873
4840 124
4841 178
4842 11
4843 20560
4844 2083
4845 4538
4846 297893
4847 455
4848 2815
4849 827787
4850 1827
4851 3235
4852 1309
4853 2
4854 121653
4855 1197
4856 326253
4857 579
4858 65
4859 4271
4860 776
4861 1142
4862 8
4863 4712
4864 62
4865 488
4866 377
4867 224
4868 2139
4869 16526
4870 550
4871 911
4872 13232
4873 86819
4874 57577
4875 641066
4876 71
4877 184
4878 32616
4879 221
4880 26
4881 29
4882 16662
4883 15719
4884 60033
4885 83852
4886 95
4887 1006
4888 256
4889 22864
4890 63761
4891 353
4892 44918
4893 201
4894 85396
4895 912
4896 12357
4897 14
4898 181051
4899 13201
4900 81
4901 311535
4902 20729
4903 493
4904 87
4905 401831
4906 78281
4907 1
4908 2
4909 391
4910 69829
4911 148
4912 10472
4913 31384
4914 25310
4915 5437
4916 63
4917 20941
4918 25339
4919 27457
4920 4945
4921 515
4922 840
4923 184341
4924 1641
4925 8463
4926 98957
4927 104108
4928 6984
4929 452873
4930 10747
4931 158211
4932 15749
4933 79054
4934 48893
4935 521
4936 44
4937 799
4938 562
4939 71918
4940 27291
4941 63449
4942 190882
4943 9665
4944 4360
4945 6543
4946 164100
4947 5144
4948 10543
4949 1497
4950 14174
4951 2276
4952 63692
4953 1885
4954 1473
4955 212
4956 55904
4957 14
4958 55
4959 803421
4960 254
4961 236
4962 266
4963 4518
4964 4772
4965 220
4966 1336753
4967 172
4968 1999
4969 9
4970 862
4971 13547
4972 934
4973 587082
4974 192
4975 27171
4976 37854
4977 33626
4978 1126
4979 152
4980 2785
4981 36923
4982 1088
4983 1280
4984 847
4985 880
4986 3830
4987 4023
4988 377608
4989 3941
4990 695
4991 23
4992 1
4993 7
4994 80661
4995 10431
4996 525
4997 4
4998 33
4999 22
5000 21
5001 7
5002 419
5003 6685
5004 27
5005 2086
5006 45334
5007 763523
5008 15
5009 22281
5010 18505
5011 45932
5012 13057
5013 23
5014 162
5015 117
5016 1316
5017 35129
5018 376644
5019 823
5020 626
5021 39
5022 7351
5023 109074
5024 378321
5025 299836
5026 242
5027 76502
5028 2421
5029 95577
5030 2013
5031 193
5032 10981
5033 559261
5034 8080
5035 10706
5036 42393
5037 599105
5038 135517
5039 135
5040 22784
5041 346163
5042 224
5043 298741
5044 28647
5045 462
5046 265944
5047 483607
5048 449192
5049 143970
5050 2624
5051 19084
5052 414381
5053 59
5054 1357
5055 118824
5056 10587
5057 1146
5058 18336
5059 50676
5060 75179
5061 5903
5062 1063
5063 88578
5064 3300
5065 5101
5066 757
5067 462
5068 502
5069 16
5070 4830
5071 7783
5072 556
5073 1104
5074 67
5075 250
5076 17838
5077 30
5078 374007
5079 362
5080 8
5081 264
5082 1569
5083 112349
5084 410
5085 2469
5086 11
5087 14
5088 1
5089 151
5090 383
5091 63
5092 1869
5093 367
5094 1848
5095 3490
5096 3060
5097 131
5098 228337
5099 118911
5100 554600
5101 250581
5102 88092
5103 2451
5104 11719
5105 22347
5106 37306
5107 28290
5108 185
5109 18251
5110 2615
5111 113859
5112 262139
5113 560
5114 12740
5115 294554
5116 3265
5117 3024718
5118 1116
5119 132
5120 23
5121 771044
5122 46267
5123 222531
5124 38191
5125 581
5126 240
5127 2727
5128 499
5129 374
5130 16
5131 266
5132 32392
5133 2076
5134 21828
5135 11018
5136 234
5137 37188
5138 41
5139 2261
5140 3335
5141 107626
5142 122712
5143 706
5144 5203
5145 12332
5146 63838
5147 1066
5148 280
5149 1146
5150 5627
5151 16697
5152 46
5153 9978
5154 52
5155 25
5156 70
5157 3434
5158 268
5159 194
5160 411
5161 1148486
5162 4552
5163 62843
5164 26
5165 475869
5166 800
5167 255547
5168 32508
5169 10
5170 5
5171 126929
5172 10
5173 73
5174 24370
5175 1275
5176 862
5177 3113
5178 1
5179 63
5180 2427
5181 17174
5182 155
5183 37701
5184 5
5185 5571
5186 31
5187 9447
5188 243
5189 35639
5190 75
5191 52933
5192 61096
5193 28
5194 34744
5195 2944
5196 51989
5197 4881
5198 20286
5199 2004
5200 218
5201 997
5202 60
5203 1833
5204 2414
5205 55
5206 5299
5207 19431
5208 49347
5209 72022
5210 628146
5211 4404
5212 452
5213 854209
5214 234084
5215 2000
5216 12946
5217 820
5218 10546
5219 31001
5220 24568
5221 122456
5222 398
5223 2
5224 159416
5225 47854
5226 753
5227 1303
5228 427
5229 27
5230 67
5231 77601
5232 135
5233 553
5234 24344
5235 165255
5236 1893
5237 1272
5238 9
5239 52
5240 327
5241 1534
5242 19
5243 233705
5244 223
5245 17079
5246 9755
5247 327
5248 60940
5249 4
5250 13
5251 401
5252 3577
5253 8
5254 32
5255 79
5256 5
5257 230125
5258 1140
5259 19
5260 195
5261 3
5262 670
5263 69
5264 6916
5265 3405
5266 183
5267 1233
5268 56
5269 49
5270 311441
5271 1738
5272 436
5273 29468
5274 10
5275 16671
5276 1793
5277 433
5278 13389
5279 305079
5280 2097
5281 1668
5282 28
5283 220
5284 106
5285 416
5286 31128
5287 24252
5288 871
5289 722
5290 38117
5291 2392
5292 25
5293 15
5294 2996
5295 48
5296 9232
5297 21710
5298 12313
5299 1657
5300 455
5301 30
5302 466
5303 85527
5304 391415
5305 157733
5306 1568
5307 149
5308 59131
5309 46
5310 31566
5311 1062
5312 8
5313 33
5314 1039
5315 6
5316 4946
5317 19249
5318 46502
5319 11840
5320 1619
5321 6
5322 30423
5323 120253
5324 28561
5325 2452
5326 10521
5327 5374
5328 39459
5329 303672
5330 24
5331 49
5332 113285
5333 95713
5334 22674
5335 5247
5336 183299
5337 53454
5338 19762
5339 1378
5340 1978
5341 4888
5342 2066
5343 373
5344 58537
5345 1986
5346 145715
5347 186
5348 920
5349 183
5350 288
5351 12582
5352 15
5353 708
5354 656
5355 60
5356 870
5357 1835
5358 311803
5359 1065
5360 2135
5361 6154
5362 479
5363 395
5364 250946
5365 7202
5366 370940
5367 556
5368 29206
5369 24413
5370 1181
5371 12717
5372 198985
5373 2174
5374 32400
5375 336575
5376 26990
5377 58180
5378 16839
5379 34095
5380 7658
5381 1154
5382 16767
5383 1240
5384 6865
5385 117
5386 100
5387 401176
5388 127044
5389 602
5390 1325
5391 270735
5392 1610
5393 42
5394 843
5395 50
5396 43
5397 943
5398 3011
5399 145
5400 11
5401 1258
5402 1026
5403 8432
5404 442
5405 406040
5406 196
5407 65
5408 1532
5409 308935
5410 438183
5411 7787
5412 1353
5413 262912
5414 9780
5415 91263
5416 375957
5417 440
5418 2988
5419 497
5420 5697
5421 155303
5422 13
5423 1869
5424 99
5425 41
5426 2922
5427 157
5428 37
5429 34859
5430 576
5431 40
5432 11406
5433 507
5434 1813
5435 88976
5436 1109184
5437 12239
5438 78571
5439 46208
5440 8
5441 5
5442 125
5443 44909
5444 855
5445 39275
5446 31032
5447 26150
5448 308
5449 27789
5450 30049
5451 1749
5452 7282
5453 851
5454 379
5455 17427
5456 4541
5457 5468
5458 530
5459 398882
5460 7
5461 5
5462 52097
5463 529
5464 2
5465 6336
5466 1740
5467 376301
5468 114
5469 2400
5470 24783
5471 778
5472 187286
5473 24188
5474 3587
5475 147404
5476 25
5477 12
5478 1
5479 37010
5480 660
5481 118730
5482 282
5483 216194
5484 11
5485 14456
5486 4560
5487 380
5488 1366203
5489 57907
5490 12413
5491 330
5492 343316
5493 60020
5494 3599
5495 69916
5496 92327
5497 6892
5498 15848
5499 5012
5500 2064
5501 48263
5502 179900
5503 5028
5504 213670
5505 5637
5506 814
5507 57314
5508 25456
5509 70283
5510 2755
5511 44
5512 2858
5513 354
5514 4452
5515 9231
5516 116
5517 55564
5518 429856
5519 25947
5520 1270
5521 56340
5522 12
5523 17272
5524 1341
5525 562
5526 29897
5527 1449
5528 533
5529 581
5530 7708
5531 58870
5532 582
5533 4
5534 169
5535 2807
5536 45
5537 24
5538 48
5539 440668
5540 159
5541 73136
5542 380
5543 9082
5544 3905
5545 45
5546 1063
5547 652
5548 46774
5549 927
5550 52237
5551 2616
5552 364
5553 334669
5554 5580
5555 106210
5556 7549
5557 807
5558 34
5559 73713
5560 71
5561 41
5562 13
5563 200
5564 74412
5565 17509
5566 2094
5567 122
5568 101465
5569 80272
5570 128224
5571 24583
5572 26832
5573 4245
5574 237159
5575 151
5576 9000
5577 65077
5578 191
5579 298632
5580 25241
5581 375272
5582 984
5583 96685
5584 99789
5585 1871
5586 12765
5587 466201
5588 23
5589 61495
5590 352
5591 94
5592 917
5593 64
5594 19
5595 1508
5596 17
5597 27147
5598 246644
5599 5566
5600 525
5601 7624
5602 5018
5603 2687
5604 9029
5605 791
5606 3700
5607 380
5608 71
5609 1994
5610 25715
5611 105
5612 96024
5613 1354783
5614 210770
5615 215205
5616 171
5617 1388
5618 451060
5619 12666
5620 8361
5621 1708
5622 3652
5623 184424
5624 15070
5625 360
5626 1363
5627 24191
5628 35788
5629 11599
5630 3147
5631 14
5632 1850
5633 3508
5634 1660
5635 734
5636 516
5637 4839
5638 64792
5639 953
5640 350
5641 52
5642 34
5643 13195
5644 19529
5645 123151
5646 690
5647 178
5648 19806
5649 18283
5650 354
5651 198
5652 879
5653 52959
5654 5864
5655 16207
5656 711
5657 168686
5658 706
5659 59780
5660 18180
5661 639911
5662 6245
5663 230558
5664 2128
5665 442
5666 35452
5667 979817
5668 258510
5669 637197
5670 2168
5671 357
5672 17051
5673 12107
5674 30863
5675 9479
5676 124341
5677 100475
5678 1828
5679 3239
5680 28128
5681 3403
5682 366
5683 4714318
5684 131370
5685 1418
5686 2365
5687 174289
5688 12895
5689 1390980
5690 28
5691 4235
5692 5464
5693 5842
5694 876
5695 5163
5696 2670
5697 1126
5698 179
5699 180
5700 1138
5701 12821
5702 15
5703 71598
5704 3452
5705 28542
5706 7534
5707 1303
5708 4360
5709 1995
5710 226
5711 730
5712 863
5713 32563
5714 247
5715 1142
5716 266
5717 2307
5718 450
5719 1507
5720 13
5721 616162
5722 55829
5723 1473
5724 199
5725 824
5726 992
5727 2198
5728 4869
5729 3566
5730 26
5731 127887
5732 634
5733 5344
5734 371
5735 391
5736 18
5737 844
5738 148432
5739 5176
5740 170
5741 700
5742 61039
5743 2914
5744 985
5745 66
5746 3373
5747 444
5748 259797
5749 9670
5750 1313
5751 504963
5752 4479
5753 31457
5754 71358
5755 189031
5756 10839
5757 3121
5758 2299
5759 14627
5760 119060
5761 7473
5762 31978
5763 194
5764 318
5765 1012
5766 9197
5767 91726
5768 2855
5769 1496
5770 8979
5771 460
5772 351
5773 28208
5774 1044
5775 24
5776 6
5777 1501
5778 1045
5779 19151
5780 11907
5781 215
5782 7
5783 2138
5784 243744
5785 9096
5786 16658
5787 22
5788 306
5789 3482
5790 1331
5791 64
5792 1463
5793 2176
5794 62
5795 1162
5796 458562
5797 2898
5798 3
5799 117711
5800 179
5801 258455
5802 330003
5803 2143
5804 112
5805 1565
5806 19365
5807 3248
5808 25
5809 1071
5810 381
5811 394
5812 102
5813 2084
5814 5764
5815 11
5816 40
5817 13715
5818 1120
5819 1301
5820 70650
5821 779
5822 176
5823 24156
5824 2121
5825 20
5826 39095
5827 1
5828 1311867
5829 20
5830 41
5831 164
5832 196522
5833 89
5834 1675
5835 1222
5836 8320
5837 371879
5838 4
5839 423
5840 23337
5841 7054
5842 58
5843 76
5844 54
5845 113647
5846 41
5847 6916
5848 22286
5849 1499
5850 3
5851 146
5852 148
5853 338
5854 123855
5855 82
5856 889
5857 343
5858 1206
5859 20
5860 23
5861 4531
5862 19411
5863 2484
5864 2251566
5865 6095
5866 4166
5867 19774
5868 219
5869 16890
5870 175
5871 32155
5872 162136
5873 338
5874 10899
5875 457859
5876 198
5877 3636
5878 2868
5879 1861
5880 227
5881 6039
5882 220220
5883 1183
5884 1485
5885 33697
5886 909
5887 266410
5888 1949
5889 129061
5890 75
5891 773
5892 56547
5893 6348
5894 3640
5895 490915
5896 282211
5897 6098
5898 21
5899 8294
5900 170568
5901 22802
5902 6
5903 5318
5904 861
5905 1115
5906 1894
5907 2525
5908 331
5909 58
5910 44
5911 1087
5912 5443
5913 35
5914 1009
5915 1289
5916 16296
5917 375
5918 15
5919 220
5920 75
5921 47
5922 47917
5923 665
5924 85
5925 2352
5926 17
5927 147
5928 255
5929 137
5930 5474
5931 1
5932 29
5933 4887
5934 108
5935 213
5936 14
5937 16
5938 843
5939 116
5940 153
5941 23
5942 6
5943 41
5944 114
5945 5326
5946 4
5947 92
5948 31047
5949 3763
5950 1586
5951 344
5952 60142
5953 80826
5954 2665
5955 226
5956 110905
5957 238
5958 7361
5959 78
5960 494
5961 435678
5962 426
5963 231
5964 24
5965 627
5966 4
5967 151466
5968 2425
5969 5
5970 6
5971 10758
5972 5096
5973 54
5974 14
5975 2497
5976 15
5977 16013
5978 165675
5979 10847
5980 102
5981 8010
5982 455
5983 222
5984 3537
5985 214
5986 5016
5987 9
5988 34664
5989 1458
5990 205846
5991 409377
5992 206
5993 2
5994 116
5995 565
5996 4669
5997 1379
5998 717
5999 398
6000 131861
6001 2649
6002 75
6003 178
6004 5810
6005 9
6006 486
6007 265
6008 8272
6009 84
6010 14263
6011 1408
6012 7534
6013 3229
6014 420
6015 938
6016 50
6017 767
6018 43408
6019 1145
6020 1704
6021 35916
6022 5
6023 9366
6024 79817
6025 6509
6026 281
6027 4096
6028 9051
6029 311
6030 2
6031 1775
6032 40
6033 694
6034 18
6035 298
6036 77070
6037 1304
6038 893
6039 1395
6040 218
6041 193
6042 5216
6043 54561
6044 68
6045 2
6046 4783
6047 828
6048 10
6049 6
6050 37082
6051 13356
6052 30578
6053 2265
6054 6310
6055 286
6056 14614
6057 201
6058 24509
6059 259
6060 28
6061 279
6062 11048
6063 18
6064 3746
6065 7
6066 115862
6067 156
6068 6610
6069 45929
6070 311
6071 876
6072 5
6073 125
6074 1490
6075 456
6076 308
6077 4
6078 4295
6079 209
6080 332
6081 56
6082 30
6083 82
6084 491
6085 331
6086 3968
6087 136
6088 543
6089 889
6090 17398
6091 143
6092 78545
6093 72
6094 76
6095 1
6096 9
6097 18
6098 617
6099 362
6100 9
6101 10
6102 10361
6103 657
6104 1591
6105 43
6106 2257
6107 430
6108 246
6109 2258
6110 2504
6111 33
6112 33
6113 40
6114 44
6115 1099
6116 30
6117 5
6118 556
6119 854
6120 203
6121 56
6122 2061
6123 214
6124 70
6125 131
6126 130
6127 1671
6128 258
6129 169
6130 156
6131 555
6132 3214
6133 24
6134 18
6135 1030
6136 18
6137 53
6138 25
6139 85
6140 1268
6141 161
6142 3
6143 23
6144 25
6145 23
6146 556
6147 19
6148 50740
6149 550
6150 20619
6151 45
6152 7
6153 138209
6154 195
6155 87
6156 64
6157 29
6158 118959
6159 95311
6160 87
6161 305378
6162 2379
6163 17274
6164 16275
6165 167423
6166 4011
6167 27
6168 842
6169 12424
6170 6916
6171 82972
6172 22787
6173 4180
6174 36082
6175 21339
6176 267974
6177 1730
6178 69676
6179 108058
6180 120145
6181 2319
6182 641
6183 154719
6184 20238
6185 106681
6186 263
6187 241
6188 376
6189 316
6190 35
6191 429
6192 1814
6193 1481
6194 29829
6195 36
6196 2
6197 3744
6198 5747
6199 400
6200 2
6201 1381
6202 8
6203 172
6204 876
6205 72232
6206 156
6207 170757
6208 121
6209 1328
6210 30
6211 18
6212 1225
6213 6595
6214 3
6215 1084
6216 968
6217 4
6218 53
6219 72886
6220 4633
6221 22034
6222 16593
6223 1125047
6224 20792
6225 4931
6226 98
6227 1082
6228 1161
6229 123
6230 9899
6231 84
6232 738
6233 588
6234 21703
6235 124
6236 139
6237 2106
6238 3086
6239 9733
6240 9473
6241 389428
6242 306
6243 257679
6244 506
6245 135771
6246 26003
6247 16481
6248 22495
6249 581197
6250 1157
6251 5200
6252 76883
6253 1210
6254 31370
6255 55086
6256 56329
6257 13881
6258 705690
6259 30516
6260 9
6261 9770
6262 62
6263 9124
6264 1499
6265 1490
6266 321
6267 5506
6268 3595
6269 23212
6270 689828
6271 536404
6272 54369
6273 2524
6274 46
6275 330013
6276 21935
6277 24299
6278 23477
6279 10168
6280 517
6281 492
6282 1733
6283 849
6284 277435
6285 129
6286 22
6287 277
6288 11
6289 1643
6290 42064
6291 171
6292 131205
6293 30883
6294 985
6295 148
6296 2881
6297 34624
6298 159
6299 3
6300 3081
6301 358
6302 15971
6303 5
6304 1515
6305 5941
6306 865
6307 5
6308 38412
6309 14
6310 14
6311 78994
6312 91479
6313 32541
6314 119312
6315 6824
6316 19642
6317 134113
6318 3384
6319 133127
6320 884
6321 3559
6322 47156
6323 5236
6324 144126
6325 297085
6326 20784
6327 59604
6328 1745
6329 597
6330 10820
6331 21937
6332 116947
6333 669055
6334 2405445
6335 17976
6336 2543
6337 6676
6338 21
6339 32179
6340 6158
6341 10
6342 5
6343 224
6344 9130
6345 119140
6346 765
6347 44
6348 170
6349 503
6350 339408
6351 268
6352 59110
6353 7895
6354 387
6355 5305
6356 45853
6357 5
6358 12147
6359 246
6360 1299217
6361 1337
6362 17155
6363 786
6364 51572
6365 188542
6366 274
6367 209615
6368 118315
6369 40
6370 12115
6371 341824
6372 74
6373 162
6374 10743
6375 3770
6376 1197
6377 678
6378 2542
6379 106
6380 188
6381 11802
6382 346
6383 151190
6384 2514
6385 1635
6386 597
6387 112022
6388 381
6389 36647
6390 1265
6391 6192
6392 75
6393 105
6394 654
6395 476
6396 234139
6397 306546
6398 86
6399 59386
6400 925
6401 232
6402 50
6403 450833
6404 2
6405 3078142
6406 618
6407 6358
6408 48
6409 615824
6410 7066
6411 43399
6412 292478
6413 20368
6414 161600
6415 4291
6416 93624
6417 1658
6418 108244
6419 694
6420 163186
6421 23
6422 4022
6423 3442
6424 310035
6425 198718
6426 42915
6427 12193
6428 1114
6429 1036899
6430 104353
6431 1451
6432 63747
6433 4749
6434 357
6435 1311
6436 43013
6437 670
6438 26543
6439 362
6440 29193
6441 2456
6442 16039
6443 6384
6444 7802
6445 6385
6446 11813
6447 21165
6448 1134
6449 14003
6450 41463
6451 57
6452 437
6453 250951
6454 24
6455 5629
6456 25760
6457 177098
6458 52
6459 154232
6460 238
6461 16292
6462 1719
6463 859
6464 122353
6465 43
6466 6766
6467 1400468
6468 401564
6469 883
6470 34969
6471 3
6472 286294
6473 1544188
6474 32
6475 868
6476 443
6477 26010
6478 8164
6479 17
6480 953
6481 36435
6482 313965
6483 47136
6484 760503
6485 7
6486 258
6487 1497
6488 720
6489 102702
6490 220
6491 21
6492 5429
6493 209
6494 69603
6495 115
6496 105
6497 409
6498 3678
6499 115343
6500 503324
6501 2234
6502 3957
6503 19574
6504 242
6505 25499
6506 126840
6507 17508
6508 396
6509 33674
6510 879410
6511 80249
6512 401689
6513 3476
6514 48749
6515 1319
6516 517614
6517 138776
6518 363313
6519 2267
6520 882129
6521 57
6522 53269
6523 32
6524 23469
6525 10546
6526 262
6527 96
6528 876
6529 189597
6530 546
6531 372
6532 101
6533 54
6534 64270
6535 132
6536 40777
6537 43358
6538 5
6539 5225
6540 336
6541 9508
6542 56
6543 24
6544 167518
6545 362
6546 13
6547 228
6548 75
6549 71545
6550 273505
6551 122733
6552 12320
6553 146
6554 55527
6555 22
6556 5937
6557 17887
6558 2099
6559 3572
6560 14476
6561 65579
6562 4109
6563 13668
6564 5611
6565 62450
6566 258
6567 1320
6568 189
6569 43377
6570 91146
6571 170
6572 3015
6573 6924
6574 52
6575 218
6576 10466
6577 660
6578 4191
6579 17456
6580 2480
6581 2138
6582 336473
6583 14047
6584 30006
6585 113819
6586 16952
6587 1521
6588 6182
6589 185792
6590 5191
6591 74
6592 18719
6593 24824
6594 2911
6595 13
6596 7
6597 345
6598 4698
6599 970
6600 898
6601 1266
6602 1287
6603 17
6604 73
6605 1032
6606 89
6607 80
6608 62
6609 180
6610 368
6611 21
6612 38
6613 167
6614 22
6615 3048
6616 4185
6617 188
6618 43
6619 62
6620 42
6621 32
6622 15
6623 1115
6624 148
6625 354
6626 120
6627 104
6628 163
6629 37
6630 5
6631 73
6632 55
6633 131
6634 370
6635 2
6636 4278
6637 50
6638 34
6639 64
6640 857
6641 15801
6642 1088
6643 10627
6644 25598
6645 1654
6646 468
6647 4871
6648 104
6649 6470
6650 85
6651 15024
6652 1310
6653 62584
6654 1087
6655 15
6656 36
6657 93
6658 539
6659 451
6660 1
6661 520
6662 5447
6663 742
6664 1550616
6665 23
6666 85
6667 340
6668 63
6669 1962
6670 134
6671 162
6672 3
6673 4268
6674 470
6675 5771
6676 17
6677 56
6678 73967
6679 62943
6680 1932
6681 761
6682 11923
6683 171378
6684 1652
6685 63
6686 50
6687 407
6688 10
6689 124
6690 525
6691 2111
6692 5516
6693 7809
6694 8803
6695 17
6696 65
6697 201
6698 236
6699 1103
6700 7306
6701 509
6702 627
6703 336
6704 392
6705 3573
6706 1204
6707 3099
6708 1228
6709 4632
6710 900
6711 11123
6712 45
6713 23520
6714 680
6715 743
6716 405
6717 1144
6718 4198
6719 94
6720 65
6721 3762
6722 6003
6723 101
6724 3256
6725 2586
6726 129
6727 699
6728 2826
6729 252
6730 1737
6731 163
6732 141
6733 732
6734 1005
6735 5666
6736 914
6737 693
6738 3973
6739 876
6740 27
6741 315
6742 1294
6743 128
6744 3266
6745 5160
6746 5365
6747 2300
6748 13185
6749 1810
6750 2278
6751 223
6752 11085
6753 101570
6754 9718
6755 7021
6756 563
6757 59
6758 23593
6759 56404
6760 29034
6761 1689
6762 80
6763 127
6764 1105
6765 13415
6766 8684163
6767 310983
6768 20196
6769 1753
6770 13672518